431
-0.335850 2.319710 8.841229 
-0.692736 -0.461056 0.554567 
0.000000 0.000000 
-0.524870 2.332280 8.395219 
-0.888166 -0.158872 0.431185 
0.000000 0.000000 
-0.496920 2.149350 8.385389 
-0.827742 -0.425170 0.366160 
0.000000 0.000000 
-0.337910 2.204970 8.704709 
-0.720700 -0.526116 0.451435 
0.000000 0.000000 
-0.620750 2.350890 8.226749 
-0.795984 -0.447695 0.407405 
0.000000 0.000000 
-0.654270 2.159040 7.964970 
-0.733812 -0.592098 0.333076 
0.000000 0.000000 
-0.162390 2.048960 8.802029 
-0.388643 -0.677937 0.623985 
0.000000 0.000000 
-0.130280 2.311100 8.999869 
-0.252793 -0.551592 0.794885 
0.000000 0.000000 
-2.007490 2.083200 2.843840 
-0.742742 -0.534951 0.402693 
0.000000 0.000000 
-1.906420 1.446720 2.209860 
-0.565605 -0.770201 0.294756 
0.000000 0.000000 
-1.531820 1.870950 3.817790 
-0.822130 -0.498389 0.275157 
0.000000 0.000000 
-1.642490 2.379960 3.834530 
-0.936859 -0.212820 0.277492 
0.000000 0.000000 
-1.927590 1.217670 -3.419700 
-0.731489 -0.650578 -0.204137 
0.000000 0.000000 
-2.045290 1.823140 -3.910200 
-0.826034 -0.468222 -0.313745 
0.000000 0.000000 
-1.664110 1.643210 -5.032159 
-0.810928 -0.539218 -0.227246 
0.000000 0.000000 
-0.694190 0.294220 -5.091340 
-0.505017 -0.842105 -0.189254 
0.000000 0.000000 
-0.711630 0.157890 -3.368790 
-0.437067 -0.899173 -0.021476 
0.000000 0.000000 
-1.455390 1.680830 -6.134840 
-0.798617 -0.565695 -0.205424 
0.000000 0.000000 
-0.669310 0.612500 -6.241970 
-0.514857 -0.809694 -0.281635 
0.000000 0.000000 
-1.154750 1.679030 -7.091800 
-0.776600 -0.521250 -0.353823 
0.000000 0.000000 
-0.641150 0.995310 -7.217730 
-0.472236 -0.726650 -0.498971 
0.000000 0.000000 
-0.671440 1.791880 -7.878630 
-0.406432 -0.592512 -0.695516 
0.000000 0.000000 
0.000000 0.501530 -6.267970 
0.000000 -0.944532 -0.328419 
0.000000 0.000000 
0.000000 0.953990 -7.307409 
0.000000 -0.808076 -0.589079 
0.000000 0.000000 
0.000000 1.836240 -8.114649 
-0.000000 -0.655616 -0.755094 
0.000000 0.000000 
0.000000 0.143630 -5.088630 
0.000000 -0.982760 -0.184887 
0.000000 0.000000 
0.000000 0.000000 -3.362370 
0.000000 -0.999966 -0.008288 
0.000000 0.000000 
-0.250630 1.824280 8.372519 
-0.478056 -0.815904 0.325213 
0.000000 0.000000 
-0.327520 1.757650 7.838230 
-0.474173 -0.850214 0.228683 
0.000000 0.000000 
0.000000 2.024060 8.799359 
-0.000000 -0.758951 0.651147 
0.000000 0.000000 
0.000000 1.777660 8.370849 
0.000000 -0.947419 0.319995 
0.000000 0.000000 
0.000000 1.699680 7.836490 
0.000000 -0.981104 0.193482 
0.000000 0.000000 
-1.441030 2.328260 4.895899 
-0.952056 -0.244491 0.183882 
0.000000 0.000000 
-1.411980 2.176590 5.635960 
-0.479646 -0.870703 -0.108701 
0.000000 0.000000 
-3.136750 2.248050 6.052700 
-0.097569 -0.965191 -0.242666 
0.000000 0.000000 
-1.287450 1.982230 5.210800 
-0.804432 -0.584456 0.106303 
0.000000 0.000000 
-3.988080 2.261690 6.412660 
-0.126862 -0.956275 -0.263523 
0.000000 0.000000 
-0.949900 1.946820 6.621739 
-0.633816 -0.750002 0.189140 
0.000000 0.000000 
-1.114800 2.065970 6.642409 
-0.334614 -0.934631 0.120409 
0.000000 0.000000 
-0.817610 2.249630 7.814469 
-0.355300 -0.891118 0.282260 
0.000000 0.000000 
-2.968100 2.177560 6.654270 
-0.045336 -0.998944 0.007389 
0.000000 0.000000 
-4.243889 2.229310 6.653659 
-0.119373 -0.991239 -0.056520 
0.000000 0.000000 
-2.799450 2.301800 7.876070 
-0.032781 -0.989465 0.141015 
0.000000 0.000000 
-3.838170 2.348670 7.711150 
-0.050033 -0.993156 0.105533 
0.000000 0.000000 
-0.718550 2.350680 8.170029 
-0.121577 -0.946700 0.298291 
0.000000 0.000000 
-4.187670 2.382620 7.924220 
-0.055771 -0.991959 0.113611 
0.000000 0.000000 
-2.428130 1.418310 -2.723400 
-0.283890 -0.937138 -0.202924 
0.000000 0.000000 
-1.938970 1.139650 -0.600920 
-0.479850 -0.876135 0.046174 
0.000000 0.000000 
-2.428130 1.352720 -0.486520 
-0.213768 -0.976296 0.033910 
0.000000 0.000000 
-2.428130 1.553500 1.750020 
-0.213271 -0.937341 0.275513 
0.000000 0.000000 
-6.658329 1.455650 -0.616100 
-0.031947 -0.998851 0.035732 
0.000000 0.000000 
-6.658329 1.489170 -2.325450 
-0.051943 -0.972871 -0.225440 
0.000000 0.000000 
-9.054699 1.534450 -1.070870 
-0.161345 -0.986817 0.012623 
0.000000 0.000000 
-8.759299 1.566300 -1.890070 
-0.107172 -0.979047 -0.173151 
0.000000 0.000000 
-6.658329 1.605450 1.094500 
-0.079755 -0.958742 0.272859 
0.000000 0.000000 
-8.759299 1.645520 0.386780 
-0.133280 -0.970114 0.202770 
0.000000 0.000000 
-2.428130 1.959010 2.507110 
-0.102138 -0.876906 0.469685 
0.000000 0.000000 
-9.494649 1.848860 0.632660 
-0.210190 -0.956583 0.201916 
0.000000 0.000000 
-6.658329 1.889210 1.675580 
-0.107175 -0.892308 0.438520 
0.000000 0.000000 
-0.706900 0.694860 2.059210 
-0.337415 -0.925450 0.172319 
0.000000 0.000000 
-0.675290 1.125280 3.817280 
-0.397799 -0.894492 0.204057 
0.000000 0.000000 
-0.601680 1.293940 5.195610 
-0.438936 -0.885625 0.151671 
0.000000 0.000000 
-0.465150 1.476750 6.593740 
-0.433257 -0.879390 0.197385 
0.000000 0.000000 
-0.717440 0.328530 -0.662820 
-0.371860 -0.923467 0.094489 
0.000000 0.000000 
-10.000139 1.790520 -1.108140 
-0.262046 -0.964888 0.017967 
0.000000 0.000000 
0.000000 0.587870 2.065400 
0.000000 -0.982254 0.187555 
0.000000 0.000000 
0.000000 1.023290 3.819610 
0.000000 -0.982389 0.186849 
0.000000 0.000000 
0.000000 1.204120 5.193689 
-0.000000 -0.990690 0.136134 
0.000000 0.000000 
0.000000 1.400920 6.591690 
0.000000 -0.982629 0.185583 
0.000000 0.000000 
0.000000 0.194870 -0.657890 
-0.000000 -0.994245 0.107127 
0.000000 0.000000 
0.000000 2.310620 9.001559 
-0.000000 -0.576535 0.817072 
0.000000 0.000000 
0.496920 2.149350 8.385389 
0.827742 -0.425170 0.366160 
0.000000 0.000000 
0.524870 2.332280 8.395219 
0.888166 -0.158873 0.431185 
0.000000 0.000000 
0.335850 2.319710 8.841229 
0.692736 -0.461056 0.554567 
0.000000 0.000000 
0.337910 2.204970 8.704709 
0.720700 -0.526116 0.451435 
0.000000 0.000000 
0.620750 2.350890 8.226749 
0.795984 -0.447695 0.407405 
0.000000 0.000000 
0.654270 2.159040 7.964970 
0.733812 -0.592098 0.333076 
0.000000 0.000000 
0.162390 2.048960 8.802029 
0.388643 -0.677937 0.623985 
0.000000 0.000000 
0.130280 2.311100 8.999869 
0.252793 -0.551592 0.794884 
0.000000 0.000000 
1.531820 1.870950 3.817790 
0.822130 -0.498389 0.275157 
0.000000 0.000000 
1.906420 1.446720 2.209860 
0.565605 -0.770201 0.294756 
0.000000 0.000000 
2.007490 2.083200 2.843840 
0.742742 -0.534951 0.402693 
0.000000 0.000000 
1.642490 2.379960 3.834530 
0.936859 -0.212820 0.277492 
0.000000 0.000000 
1.664110 1.643210 -5.032159 
0.810928 -0.539217 -0.227246 
0.000000 0.000000 
2.045290 1.823140 -3.910200 
0.826034 -0.468222 -0.313745 
0.000000 0.000000 
1.927590 1.217670 -3.419700 
0.731489 -0.650578 -0.204137 
0.000000 0.000000 
0.711630 0.157890 -3.368790 
0.437067 -0.899173 -0.021476 
0.000000 0.000000 
0.694190 0.294220 -5.091340 
0.505017 -0.842105 -0.189254 
0.000000 0.000000 
1.455390 1.680830 -6.134840 
0.798617 -0.565695 -0.205424 
0.000000 0.000000 
0.669310 0.612500 -6.241970 
0.514857 -0.809694 -0.281635 
0.000000 0.000000 
1.154750 1.679030 -7.091800 
0.776600 -0.521250 -0.353823 
0.000000 0.000000 
0.641150 0.995310 -7.217730 
0.472236 -0.726650 -0.498971 
0.000000 0.000000 
0.671440 1.791880 -7.878630 
0.406432 -0.592512 -0.695516 
0.000000 0.000000 
0.250630 1.824280 8.372519 
0.478056 -0.815904 0.325213 
0.000000 0.000000 
0.327520 1.757650 7.838230 
0.474173 -0.850214 0.228683 
0.000000 0.000000 
1.441030 2.328260 4.895899 
0.952056 -0.244491 0.183882 
0.000000 0.000000 
3.136750 2.248050 6.052700 
0.097569 -0.965191 -0.242666 
0.000000 0.000000 
1.411980 2.176590 5.635960 
0.479646 -0.870703 -0.108701 
0.000000 0.000000 
1.287450 1.982230 5.210800 
0.804432 -0.584456 0.106303 
0.000000 0.000000 
3.988080 2.261690 6.412660 
0.126862 -0.956275 -0.263523 
0.000000 0.000000 
0.949900 1.946820 6.621739 
0.633816 -0.750002 0.189140 
0.000000 0.000000 
1.114800 2.065970 6.642409 
0.334614 -0.934631 0.120409 
0.000000 0.000000 
0.817610 2.249630 7.814469 
0.355300 -0.891118 0.282260 
0.000000 0.000000 
2.968100 2.177560 6.654270 
0.045336 -0.998944 0.007389 
0.000000 0.000000 
4.243889 2.229310 6.653659 
0.119373 -0.991239 -0.056520 
0.000000 0.000000 
3.838170 2.348670 7.711150 
0.050033 -0.993156 0.105533 
0.000000 0.000000 
2.799450 2.301800 7.876070 
0.032781 -0.989465 0.141015 
0.000000 0.000000 
0.718550 2.350680 8.170029 
0.121577 -0.946700 0.298291 
0.000000 0.000000 
4.187670 2.382620 7.924220 
0.055771 -0.991959 0.113611 
0.000000 0.000000 
1.938970 1.139650 -0.600920 
0.479850 -0.876135 0.046174 
0.000000 0.000000 
2.428130 1.418310 -2.723400 
0.283890 -0.937138 -0.202924 
0.000000 0.000000 
2.428130 1.352720 -0.486520 
0.213768 -0.976296 0.033910 
0.000000 0.000000 
2.428130 1.553500 1.750020 
0.213271 -0.937341 0.275513 
0.000000 0.000000 
6.658329 1.489170 -2.325450 
0.051943 -0.972871 -0.225440 
0.000000 0.000000 
6.658329 1.455650 -0.616100 
0.031947 -0.998851 0.035732 
0.000000 0.000000 
8.759299 1.566300 -1.890070 
0.107172 -0.979047 -0.173151 
0.000000 0.000000 
9.054699 1.534450 -1.070870 
0.161345 -0.986817 0.012623 
0.000000 0.000000 
8.759299 1.645520 0.386780 
0.133280 -0.970114 0.202770 
0.000000 0.000000 
6.658329 1.605450 1.094500 
0.079755 -0.958742 0.272859 
0.000000 0.000000 
2.428130 1.959010 2.507110 
0.102138 -0.876906 0.469685 
0.000000 0.000000 
9.494649 1.848860 0.632660 
0.210190 -0.956583 0.201916 
0.000000 0.000000 
6.658329 1.889210 1.675580 
0.107175 -0.892308 0.438520 
0.000000 0.000000 
0.675290 1.125280 3.817280 
0.397799 -0.894492 0.204057 
0.000000 0.000000 
0.706900 0.694860 2.059210 
0.337415 -0.925450 0.172319 
0.000000 0.000000 
0.601680 1.293940 5.195610 
0.438936 -0.885625 0.151671 
0.000000 0.000000 
0.465150 1.476750 6.593740 
0.433257 -0.879391 0.197385 
0.000000 0.000000 
0.717440 0.328530 -0.662820 
0.371860 -0.923467 0.094489 
0.000000 0.000000 
10.000139 1.790520 -1.108140 
0.262046 -0.964888 0.017967 
0.000000 0.000000 
-3.192970 2.369090 5.770979 
-0.135146 -0.914972 -0.380213 
0.000000 0.000000 
-1.511050 2.397730 5.300419 
-0.639962 -0.714748 -0.282107 
0.000000 0.000000 
-1.441030 2.328260 4.895899 
-0.883706 -0.464125 -0.060430 
0.000000 0.000000 
-4.300099 2.341340 6.274690 
-0.139098 -0.952245 -0.271812 
0.000000 0.000000 
-2.743230 2.349940 8.169439 
-0.020873 -0.985941 0.165786 
0.000000 0.000000 
-2.428130 1.775900 -3.422420 
-0.291408 -0.852445 -0.434073 
0.000000 0.000000 
-9.494649 1.745800 -2.201620 
-0.190833 -0.967348 -0.166797 
0.000000 0.000000 
-6.658329 1.731880 -2.865010 
-0.069252 -0.909790 -0.409250 
0.000000 0.000000 
-4.669149 2.301310 6.647510 
-0.166396 -0.985538 -0.032046 
0.000000 0.000000 
3.192970 2.369090 5.770979 
0.135146 -0.914972 -0.380213 
0.000000 0.000000 
1.511050 2.397730 5.300419 
0.639962 -0.714748 -0.282107 
0.000000 0.000000 
1.441030 2.328260 4.895899 
0.883706 -0.464125 -0.060430 
0.000000 0.000000 
4.300099 2.341340 6.274690 
0.139098 -0.952245 -0.271812 
0.000000 0.000000 
2.743230 2.349940 8.169439 
0.020873 -0.985941 0.165786 
0.000000 0.000000 
2.428130 1.775900 -3.422420 
0.291408 -0.852445 -0.434073 
0.000000 0.000000 
9.494649 1.745800 -2.201620 
0.190833 -0.967348 -0.166797 
0.000000 0.000000 
6.658329 1.731880 -2.865010 
0.069252 -0.909790 -0.409250 
0.000000 0.000000 
4.669149 2.301310 6.647510 
0.166396 -0.985538 -0.032046 
0.000000 0.000000 
-0.478450 2.513460 8.406789 
-0.788984 0.452577 0.415546 
0.000000 0.000000 
-0.320540 2.442360 8.750279 
-0.712942 0.476998 0.513991 
0.000000 0.000000 
-0.639010 2.590460 7.989490 
-0.747845 0.541377 0.384237 
0.000000 0.000000 
-1.509200 2.900670 3.870550 
-0.797778 0.595145 0.096705 
0.000000 0.000000 
-1.902800 2.650270 2.309910 
-0.666650 0.731591 0.142664 
0.000000 0.000000 
-1.664110 2.455460 -4.596680 
-0.865889 0.466610 -0.180310 
0.000000 0.000000 
-1.927590 2.456050 -3.052000 
-0.717835 0.672203 -0.181264 
0.000000 0.000000 
-0.882140 3.385890 -3.694830 
-0.711826 0.692443 -0.117587 
0.000000 0.000000 
-0.648350 4.085810 -1.358560 
-0.628632 0.773297 0.082660 
0.000000 0.000000 
-0.700940 3.351040 -5.986209 
-0.647991 0.744285 -0.161700 
0.000000 0.000000 
0.000000 3.525570 -6.303030 
-0.000000 0.936111 -0.351705 
0.000000 0.000000 
0.000000 4.359409 -1.182930 
-0.000000 0.964582 0.263781 
0.000000 0.000000 
-1.455390 2.483230 -5.873410 
-0.911190 0.372060 -0.176931 
0.000000 0.000000 
-1.154750 2.596950 -6.891880 
-0.852503 0.386555 -0.351871 
0.000000 0.000000 
-0.671440 2.764070 -7.487170 
-0.513573 0.566965 -0.644045 
0.000000 0.000000 
-0.641150 3.158360 -6.800200 
-0.452183 0.820636 -0.349409 
0.000000 0.000000 
0.000000 3.225600 -6.875350 
-0.000000 0.890324 -0.455328 
0.000000 0.000000 
0.000000 2.820540 -7.685959 
-0.000000 0.652828 -0.757506 
0.000000 0.000000 
-0.113520 2.583840 8.903389 
-0.420073 0.576574 0.700786 
0.000000 0.000000 
-0.158330 2.827960 8.430289 
-0.538762 0.598002 0.593405 
0.000000 0.000000 
-0.214020 3.261430 8.056679 
-0.870672 0.278429 0.405473 
0.000000 0.000000 
0.000000 2.607660 8.909829 
-0.000000 0.666769 0.745265 
0.000000 0.000000 
0.000000 2.872800 8.433749 
-0.000000 0.559240 0.829006 
0.000000 0.000000 
0.000000 3.399560 8.306569 
-0.755123 0.165664 0.634306 
0.000000 0.000000 
-0.184300 5.219639 7.949930 
-0.913452 0.062520 0.402114 
0.000000 0.000000 
0.000000 5.403820 8.191279 
-0.806357 0.176996 0.564323 
0.000000 0.000000 
-0.386520 3.438280 6.819759 
-0.937798 0.308638 0.158990 
0.000000 0.000000 
-0.279880 6.033609 7.459449 
-0.849216 0.504958 0.154431 
0.000000 0.000000 
-0.207880 5.689410 6.698140 
-0.906776 0.312447 -0.283079 
0.000000 0.000000 
-0.407940 3.959020 5.616089 
-0.853976 0.509465 -0.105688 
0.000000 0.000000 
0.000000 4.110980 5.164269 
-0.617298 0.702550 -0.354072 
0.000000 0.000000 
0.000000 5.883739 6.504079 
-0.775845 0.480289 -0.409129 
0.000000 0.000000 
-0.817610 2.517830 7.827539 
-0.300278 0.918328 0.257889 
0.000000 0.000000 
-0.916420 2.633200 6.664080 
-0.700454 0.687613 0.191186 
0.000000 0.000000 
-1.114800 2.504190 6.660789 
-0.307674 0.945459 0.106978 
0.000000 0.000000 
-2.968100 2.408830 6.665180 
-0.037170 0.999139 0.018436 
0.000000 0.000000 
-2.799450 2.455290 7.884089 
-0.023628 0.985345 0.168930 
0.000000 0.000000 
-3.136750 2.441440 6.061430 
-0.084343 0.993159 -0.080759 
0.000000 0.000000 
-1.411980 2.565570 5.652050 
-0.335368 0.941311 -0.038232 
0.000000 0.000000 
-1.263990 2.697190 5.250460 
-0.838889 0.532123 0.114503 
0.000000 0.000000 
-4.243889 2.373490 6.661099 
-0.115718 0.992843 -0.029532 
0.000000 0.000000 
-3.838170 2.455280 7.716710 
-0.069121 0.994615 0.077221 
0.000000 0.000000 
-3.988080 2.386040 6.418580 
-0.092781 0.993977 -0.058330 
0.000000 0.000000 
-1.511050 2.397730 5.300419 
-0.396820 0.866812 -0.301944 
0.000000 0.000000 
-3.192970 2.369090 5.770979 
-0.122744 0.965076 -0.231434 
0.000000 0.000000 
-4.300099 2.341340 6.274690 
-0.128566 0.988304 -0.082014 
0.000000 0.000000 
-2.743230 2.349940 8.169439 
-0.016179 0.936944 0.349104 
0.000000 0.000000 
-2.428130 2.312130 1.799890 
-0.372130 0.903998 0.210494 
0.000000 0.000000 
-6.658329 2.128000 1.134160 
-0.092375 0.971039 0.220343 
0.000000 0.000000 
-8.759299 2.031930 0.421300 
-0.137767 0.979210 0.148889 
0.000000 0.000000 
-1.938970 2.664830 -0.259910 
-0.604560 0.796298 0.020395 
0.000000 0.000000 
-2.428130 2.357360 -0.377480 
-0.298808 0.953729 -0.033381 
0.000000 0.000000 
-2.428130 2.165930 -2.612160 
-0.347145 0.909146 -0.230093 
0.000000 0.000000 
-6.658329 2.147990 -0.540230 
-0.040038 0.998667 -0.032570 
0.000000 0.000000 
-9.054699 2.053470 -1.012660 
-0.160184 0.985509 -0.055789 
0.000000 0.000000 
-6.658329 2.005230 -2.253220 
-0.061113 0.965065 -0.254784 
0.000000 0.000000 
-8.759299 1.948500 -1.838810 
-0.102821 0.967081 -0.232770 
0.000000 0.000000 
-2.428130 1.775900 -3.422420 
-0.376781 0.834638 -0.401765 
0.000000 0.000000 
-6.658329 1.731880 -2.865010 
-0.078511 0.909387 -0.408473 
0.000000 0.000000 
-9.494649 1.745800 -2.201620 
-0.176077 0.956706 -0.231754 
0.000000 0.000000 
-4.669149 2.301310 6.647510 
-0.166557 0.985748 -0.023634 
0.000000 0.000000 
-0.678630 3.336910 2.435670 
-0.430640 0.902213 0.023686 
0.000000 0.000000 
-0.562180 3.454010 4.005260 
-0.438340 0.885603 -0.153510 
0.000000 0.000000 
-0.717440 3.569160 0.525110 
-0.487661 0.856222 0.170500 
0.000000 0.000000 
0.000000 3.687880 4.024809 
-0.000000 0.975184 -0.221396 
0.000000 0.000000 
0.000000 3.576410 2.422620 
0.000000 0.999381 0.035193 
0.000000 0.000000 
0.000000 3.740370 0.691640 
-0.000000 0.981196 0.193011 
0.000000 0.000000 
0.000000 6.256549 7.510479 
-0.632488 0.747930 0.201396 
0.000000 0.000000 
0.478450 2.513460 8.406789 
0.788984 0.452577 0.415546 
0.000000 0.000000 
0.320540 2.442360 8.750279 
0.712942 0.476998 0.513991 
0.000000 0.000000 
0.639010 2.590460 7.989490 
0.747845 0.541377 0.384237 
0.000000 0.000000 
1.902800 2.650270 2.309910 
0.666650 0.731591 0.142664 
0.000000 0.000000 
1.509200 2.900670 3.870550 
0.797778 0.595145 0.096705 
0.000000 0.000000 
1.664110 2.455460 -4.596680 
0.865889 0.466610 -0.180310 
0.000000 0.000000 
1.927590 2.456050 -3.052000 
0.717835 0.672203 -0.181264 
0.000000 0.000000 
0.648350 4.085810 -1.358560 
0.628632 0.773297 0.082660 
0.000000 0.000000 
0.882140 3.385890 -3.694830 
0.711826 0.692443 -0.117587 
0.000000 0.000000 
0.700940 3.351040 -5.986209 
0.647991 0.744285 -0.161700 
0.000000 0.000000 
1.455390 2.483230 -5.873410 
0.911190 0.372060 -0.176931 
0.000000 0.000000 
1.154750 2.596950 -6.891880 
0.852503 0.386555 -0.351871 
0.000000 0.000000 
0.671440 2.764070 -7.487170 
0.513573 0.566965 -0.644045 
0.000000 0.000000 
0.641150 3.158360 -6.800200 
0.452183 0.820636 -0.349409 
0.000000 0.000000 
0.158330 2.827960 8.430289 
0.538763 0.598002 0.593404 
0.000000 0.000000 
0.113520 2.583840 8.903389 
0.420073 0.576574 0.700786 
0.000000 0.000000 
0.214020 3.261430 8.056679 
0.870672 0.278429 0.405473 
0.000000 0.000000 
0.184300 5.219639 7.949930 
0.913452 0.062520 0.402114 
0.000000 0.000000 
0.386520 3.438280 6.819759 
0.937798 0.308638 0.158990 
0.000000 0.000000 
0.279880 6.033609 7.459449 
0.849216 0.504958 0.154431 
0.000000 0.000000 
0.407940 3.959020 5.616089 
0.853976 0.509465 -0.105688 
0.000000 0.000000 
0.207880 5.689410 6.698140 
0.906776 0.312447 -0.283079 
0.000000 0.000000 
0.916420 2.633200 6.664080 
0.700454 0.687613 0.191186 
0.000000 0.000000 
0.817610 2.517830 7.827539 
0.300278 0.918328 0.257889 
0.000000 0.000000 
1.114800 2.504190 6.660789 
0.307674 0.945459 0.106978 
0.000000 0.000000 
2.799450 2.455290 7.884089 
0.023628 0.985345 0.168930 
0.000000 0.000000 
2.968100 2.408830 6.665180 
0.037170 0.999139 0.018436 
0.000000 0.000000 
3.136750 2.441440 6.061430 
0.084343 0.993159 -0.080759 
0.000000 0.000000 
1.411980 2.565570 5.652050 
0.335368 0.941311 -0.038232 
0.000000 0.000000 
1.263990 2.697190 5.250460 
0.838889 0.532123 0.114503 
0.000000 0.000000 
3.838170 2.455280 7.716710 
0.069121 0.994615 0.077221 
0.000000 0.000000 
4.243889 2.373490 6.661099 
0.115718 0.992843 -0.029532 
0.000000 0.000000 
3.988080 2.386040 6.418580 
0.092781 0.993977 -0.058330 
0.000000 0.000000 
1.511050 2.397730 5.300419 
0.396820 0.866812 -0.301944 
0.000000 0.000000 
3.192970 2.369090 5.770979 
0.122744 0.965076 -0.231434 
0.000000 0.000000 
4.300099 2.341340 6.274690 
0.128566 0.988304 -0.082014 
0.000000 0.000000 
2.743230 2.349940 8.169439 
0.016179 0.936944 0.349104 
0.000000 0.000000 
2.428130 2.312130 1.799890 
0.372130 0.903998 0.210494 
0.000000 0.000000 
8.759299 2.031930 0.421300 
0.137767 0.979210 0.148889 
0.000000 0.000000 
6.658329 2.128000 1.134160 
0.092375 0.971039 0.220343 
0.000000 0.000000 
1.938970 2.664830 -0.259910 
0.604560 0.796298 0.020395 
0.000000 0.000000 
2.428130 2.357360 -0.377480 
0.298808 0.953729 -0.033381 
0.000000 0.000000 
2.428130 2.165930 -2.612160 
0.347145 0.909147 -0.230093 
0.000000 0.000000 
6.658329 2.147990 -0.540230 
0.040038 0.998667 -0.032570 
0.000000 0.000000 
9.054699 2.053470 -1.012660 
0.160184 0.985509 -0.055789 
0.000000 0.000000 
8.759299 1.948500 -1.838810 
0.102821 0.967081 -0.232770 
0.000000 0.000000 
6.658329 2.005230 -2.253220 
0.061113 0.965065 -0.254784 
0.000000 0.000000 
2.428130 1.775900 -3.422420 
0.376781 0.834638 -0.401765 
0.000000 0.000000 
6.658329 1.731880 -2.865010 
0.078511 0.909387 -0.408473 
0.000000 0.000000 
9.494649 1.745800 -2.201620 
0.176077 0.956706 -0.231754 
0.000000 0.000000 
4.669149 2.301310 6.647510 
0.166557 0.985748 -0.023634 
0.000000 0.000000 
0.678630 3.336910 2.435670 
0.430640 0.902213 0.023686 
0.000000 0.000000 
0.562180 3.454010 4.005260 
0.438340 0.885603 -0.153510 
0.000000 0.000000 
0.717440 3.569160 0.525110 
0.487661 0.856222 0.170500 
0.000000 0.000000 
-0.718550 2.350680 8.170029 
-0.186620 0.862507 0.470378 
0.000000 0.000000 
-4.187670 2.382620 7.924220 
-0.144163 0.984350 0.101352 
0.000000 0.000000 
-2.428130 1.959010 2.507110 
-0.364839 0.833835 0.414260 
0.000000 0.000000 
-9.494649 1.848860 0.632660 
-0.216608 0.966303 0.139069 
0.000000 0.000000 
-6.658329 1.889210 1.675580 
-0.121433 0.908192 0.400552 
0.000000 0.000000 
-10.000139 1.790520 -1.108140 
-0.262162 0.963334 -0.057084 
0.000000 0.000000 
0.000000 1.836240 -8.114649 
0.000000 0.399300 -0.916820 
0.000000 0.000000 
0.000000 3.399560 8.306569 
0.755123 0.165664 0.634306 
0.000000 0.000000 
0.000000 5.403820 8.191279 
0.806357 0.176996 0.564323 
0.000000 0.000000 
0.000000 4.110980 5.164269 
0.617298 0.702550 -0.354072 
0.000000 0.000000 
0.000000 5.883739 6.504079 
0.775845 0.480289 -0.409129 
0.000000 0.000000 
0.718550 2.350680 8.170029 
0.186620 0.862507 0.470378 
0.000000 0.000000 
4.187670 2.382620 7.924220 
0.144163 0.984350 0.101352 
0.000000 0.000000 
2.428130 1.959010 2.507110 
0.364839 0.833835 0.414260 
0.000000 0.000000 
9.494649 1.848860 0.632660 
0.216608 0.966303 0.139069 
0.000000 0.000000 
6.658329 1.889210 1.675580 
0.121433 0.908192 0.400552 
0.000000 0.000000 
10.000139 1.790520 -1.108140 
0.262162 0.963334 -0.057084 
0.000000 0.000000 
0.000000 6.256549 7.510479 
0.632488 0.747930 0.201396 
0.000000 0.000000 
-0.524870 2.332280 8.395219 
-0.872069 0.194762 0.448958 
0.000000 0.000000 
-0.335850 2.319710 8.841229 
-0.627421 0.496760 0.599644 
0.000000 0.000000 
-0.620750 2.350890 8.226749 
-0.762163 0.436170 0.478397 
0.000000 0.000000 
-2.007490 2.083200 2.843840 
-0.834334 0.467428 0.292229 
0.000000 0.000000 
-1.642490 2.379960 3.834530 
-0.943952 0.224919 0.241589 
0.000000 0.000000 
-1.664110 1.643210 -5.032159 
-0.967932 0.111164 -0.225280 
0.000000 0.000000 
-2.045290 1.823140 -3.910200 
-0.858544 0.436590 -0.268870 
0.000000 0.000000 
-1.455390 1.680830 -6.134840 
-0.964234 0.082108 -0.252012 
0.000000 0.000000 
-1.154750 1.679030 -7.091800 
-0.906965 0.095537 -0.410228 
0.000000 0.000000 
-0.671440 1.791880 -7.878630 
-0.578524 0.291958 -0.761624 
0.000000 0.000000 
-1.441030 2.328260 4.895899 
-0.927069 0.358174 0.110697 
0.000000 0.000000 
-0.130280 2.311100 8.999869 
-0.339956 0.356865 0.870102 
0.000000 0.000000 
0.000000 2.310620 9.001559 
-0.000000 0.295065 0.955477 
0.000000 0.000000 
0.335850 2.319710 8.841229 
0.627421 0.496760 0.599644 
0.000000 0.000000 
0.524870 2.332280 8.395219 
0.872069 0.194762 0.448958 
0.000000 0.000000 
0.620750 2.350890 8.226749 
0.762163 0.436170 0.478397 
0.000000 0.000000 
2.007490 2.083200 2.843840 
0.834334 0.467428 0.292229 
0.000000 0.000000 
1.642490 2.379960 3.834530 
0.943952 0.224919 0.241589 
0.000000 0.000000 
2.045290 1.823140 -3.910200 
0.858544 0.436590 -0.268870 
0.000000 0.000000 
1.664110 1.643210 -5.032159 
0.967932 0.111164 -0.225280 
0.000000 0.000000 
1.455390 1.680830 -6.134840 
0.964234 0.082108 -0.252012 
0.000000 0.000000 
1.154750 1.679030 -7.091800 
0.906965 0.095537 -0.410228 
0.000000 0.000000 
0.671440 1.791880 -7.878630 
0.578524 0.291958 -0.761624 
0.000000 0.000000 
1.441030 2.328260 4.895899 
0.927069 0.358174 0.110697 
0.000000 0.000000 
0.130280 2.311100 8.999869 
0.339956 0.356865 0.870102 
0.000000 0.000000 
-0.419870 5.063749 -3.981160 
-0.743840 0.664138 -0.074987 
0.000000 0.000000 
-0.323430 4.811659 -4.847099 
-0.738314 0.593941 -0.319571 
0.000000 0.000000 
-0.481380 4.335969 -5.157519 
-0.826661 0.428868 -0.364285 
0.000000 0.000000 
-0.631000 4.470650 -3.706410 
-0.960321 0.278872 -0.003768 
0.000000 0.000000 
-0.457070 4.623590 -2.348830 
-0.769313 0.598173 0.224382 
0.000000 0.000000 
-0.310820 5.013060 -3.023430 
-0.697075 0.697364 0.166644 
0.000000 0.000000 
0.000000 4.940770 -5.169360 
-0.626785 0.624492 -0.465994 
0.000000 0.000000 
0.000000 4.296619 -5.660820 
-0.605798 0.500418 -0.618539 
0.000000 0.000000 
0.000000 5.198969 -2.863840 
-0.544133 0.803421 0.241731 
0.000000 0.000000 
0.000000 4.677020 -1.917180 
-0.098343 0.906557 0.410467 
0.000000 0.000000 
0.000000 5.264560 -4.063419 
-0.000000 0.991870 -0.127252 
0.000000 0.000000 
0.481380 4.335969 -5.157519 
0.826661 0.428868 -0.364285 
0.000000 0.000000 
0.323430 4.811659 -4.847099 
0.738314 0.593941 -0.319571 
0.000000 0.000000 
0.419870 5.063749 -3.981160 
0.743840 0.664138 -0.074987 
0.000000 0.000000 
0.631000 4.470650 -3.706410 
0.960321 0.278872 -0.003768 
0.000000 0.000000 
0.310820 5.013060 -3.023430 
0.697075 0.697364 0.166644 
0.000000 0.000000 
0.457070 4.623590 -2.348830 
0.769313 0.598173 0.224382 
0.000000 0.000000 
0.000000 4.940770 -5.169360 
0.626785 0.624492 -0.465994 
0.000000 0.000000 
0.000000 4.296619 -5.660820 
0.605798 0.500418 -0.618539 
0.000000 0.000000 
0.000000 5.198969 -2.863840 
0.544133 0.803421 0.241731 
0.000000 0.000000 
0.000000 4.677020 -1.917180 
0.487505 0.764603 0.421571 
0.000000 0.000000 
-0.882140 3.385890 -3.694830 
-0.966646 0.254357 -0.029960 
0.000000 0.000000 
-0.648350 4.085810 -1.358560 
-0.676439 0.694101 0.246281 
0.000000 0.000000 
-0.700940 3.351040 -5.986209 
-0.692538 0.548552 -0.468489 
0.000000 0.000000 
0.000000 3.525570 -6.303030 
-0.000000 0.689665 -0.724129 
0.000000 0.000000 
0.000000 4.359409 -1.182930 
0.000000 0.916342 0.400396 
0.000000 0.000000 
0.648350 4.085810 -1.358560 
0.676439 0.694101 0.246281 
0.000000 0.000000 
0.882140 3.385890 -3.694830 
0.966646 0.254357 -0.029960 
0.000000 0.000000 
0.700940 3.351040 -5.986209 
0.692538 0.548552 -0.468489 
0.000000 0.000000 
0.697370 2.407550 -7.876040 
-0.067985 0.000000 0.997686 
0.000000 0.000000 
-0.697370 2.407550 -7.876040 
0.067985 0.000000 0.997686 
0.000000 0.000000 
-0.697370 1.771400 -7.876040 
0.067985 0.000000 0.997686 
0.000000 0.000000 
0.697370 1.771400 -7.876040 
-0.067985 0.000000 0.997686 
0.000000 0.000000 
4.213610 2.335080 -8.153999 
0.283855 0.958867 0.000000 
0.000000 0.000000 
2.850210 2.738690 -8.392509 
0.063093 0.998008 0.000000 
0.000000 0.000000 
2.850210 2.738690 -7.729340 
0.064872 0.997894 0.000000 
0.000000 0.000000 
4.213610 2.335080 -7.876040 
0.283855 0.958867 0.000000 
0.000000 0.000000 
2.850210 1.440260 -7.729340 
0.015220 0.000000 0.999884 
0.000000 0.000000 
4.213610 1.843880 -7.876040 
0.106981 0.000000 0.994261 
0.000000 0.000000 
2.850210 1.440260 -8.392509 
0.063097 -0.998007 0.000000 
0.000000 0.000000 
4.213610 1.843880 -8.153999 
0.283862 -0.958865 0.000000 
0.000000 0.000000 
-4.213610 1.843880 -8.153999 
-0.283862 -0.958865 0.000000 
0.000000 0.000000 
-2.850210 1.440260 -8.392509 
-0.063097 -0.998007 0.000000 
0.000000 0.000000 
-2.850210 1.440260 -7.729340 
-0.064876 -0.997893 0.000000 
0.000000 0.000000 
-4.213610 1.843880 -7.876040 
-0.283862 -0.958865 0.000000 
0.000000 0.000000 
-2.850210 2.738690 -7.729340 
-0.015220 0.000000 0.999884 
0.000000 0.000000 
-4.213610 2.335080 -7.876040 
-0.106981 0.000000 0.994261 
0.000000 0.000000 
-2.850210 2.738690 -8.392509 
-0.063093 0.998008 0.000000 
0.000000 0.000000 
-4.213610 2.335080 -8.153999 
-0.283855 0.958867 0.000000 
0.000000 0.000000 
4.213610 2.335080 -7.876040 
0.106981 0.000000 0.994261 
0.000000 0.000000 
2.850210 2.738690 -7.729340 
0.015220 0.000000 0.999884 
0.000000 0.000000 
4.213610 1.843880 -7.876040 
0.283862 -0.958865 0.000000 
0.000000 0.000000 
2.850210 1.440260 -7.729340 
0.064876 -0.997893 0.000000 
0.000000 0.000000 
4.213610 1.843880 -8.153999 
0.172321 0.000000 -0.985041 
0.000000 0.000000 
2.850210 1.440260 -8.392509 
0.024457 0.000000 -0.999701 
0.000000 0.000000 
2.850210 2.738690 -8.392509 
0.024458 0.000000 -0.999701 
0.000000 0.000000 
4.213610 2.335080 -8.153999 
0.172321 0.000000 -0.985041 
0.000000 0.000000 
-4.213610 1.843880 -7.876040 
-0.106981 0.000000 0.994261 
0.000000 0.000000 
-2.850210 1.440260 -7.729340 
-0.015220 0.000000 0.999884 
0.000000 0.000000 
-4.213610 2.335080 -7.876040 
-0.283855 0.958867 0.000000 
0.000000 0.000000 
-2.850210 2.738690 -7.729340 
-0.064872 0.997894 0.000000 
0.000000 0.000000 
-4.213610 2.335080 -8.153999 
-0.172321 0.000000 -0.985041 
0.000000 0.000000 
-2.850210 2.738690 -8.392509 
-0.024458 0.000000 -0.999701 
0.000000 0.000000 
-2.850210 1.440260 -8.392509 
-0.024457 0.000000 -0.999701 
0.000000 0.000000 
-4.213610 1.843880 -8.153999 
-0.172321 0.000000 -0.985041 
0.000000 0.000000 
0.697370 2.407550 -8.153999 
-0.152027 0.988376 0.000000 
0.000000 0.000000 
0.697370 2.407550 -7.876040 
-0.152027 0.988376 0.000000 
0.000000 0.000000 
0.697370 1.771400 -7.876040 
-0.152028 -0.988376 0.000000 
0.000000 0.000000 
0.697370 1.771400 -8.153999 
-0.152028 -0.988376 0.000000 
0.000000 0.000000 
0.697370 1.771400 -8.153999 
-0.110115 0.000000 -0.993919 
0.000000 0.000000 
0.697370 2.407550 -8.153999 
-0.110115 0.000000 -0.993919 
0.000000 0.000000 
-0.697370 1.771400 -8.153999 
0.152027 -0.988376 0.000000 
0.000000 0.000000 
-0.697370 1.771400 -7.876040 
0.152027 -0.988376 0.000000 
0.000000 0.000000 
-0.697370 2.407550 -7.876040 
0.152027 0.988376 0.000000 
0.000000 0.000000 
-0.697370 2.407550 -8.153999 
0.152027 0.988376 0.000000 
0.000000 0.000000 
-0.697370 2.407550 -8.153999 
0.110115 0.000000 -0.993919 
0.000000 0.000000 
-0.697370 1.771400 -8.153999 
0.110115 0.000000 -0.993919 
0.000000 0.000000 
4.213610 2.335080 -8.153999 
1.000000 0.000000 0.000000 
0.000000 0.000000 
4.213610 2.335080 -7.876040 
1.000000 0.000000 0.000000 
0.000000 0.000000 
4.213610 1.843880 -7.876040 
1.000000 0.000000 0.000000 
0.000000 0.000000 
4.213610 1.843880 -8.153999 
1.000000 0.000000 0.000000 
0.000000 0.000000 
-4.213610 1.843880 -8.153999 
-1.000000 0.000000 0.000000 
0.000000 0.000000 
-4.213610 1.843880 -7.876040 
-1.000000 0.000000 0.000000 
0.000000 0.000000 
-4.213610 2.335080 -7.876040 
-1.000000 0.000000 0.000000 
0.000000 0.000000 
-4.213610 2.335080 -8.153999 
-1.000000 0.000000 0.000000 
0.000000 0.000000 
-0.379360 2.308500 -7.622719 
-0.344386 0.242010 0.907099 
0.000000 0.000000 
0.379360 2.308500 -7.622719 
0.347797 0.191934 0.917714 
0.000000 0.000000 
0.000000 2.527520 -7.622719 
-0.039944 0.326158 0.944471 
0.000000 0.000000 
0.379360 1.870460 -7.622719 
0.344384 -0.242003 0.907102 
0.000000 0.000000 
-0.379360 1.870460 -7.622719 
-0.347795 -0.191929 0.917716 
0.000000 0.000000 
0.000000 1.651440 -7.622719 
0.039944 -0.326152 0.944473 
0.000000 0.000000 
0.000000 2.089480 -9.001559 
0.000000 -0.000000 -1.000000 
0.000000 0.000000 
-0.379360 2.308500 -8.787809 
-0.638463 0.350968 -0.684972 
0.000000 0.000000 
0.000000 2.527520 -8.787809 
0.040111 0.693338 -0.719495 
0.000000 0.000000 
0.379360 2.308500 -8.787809 
0.635144 0.393626 -0.664568 
0.000000 0.000000 
0.379360 1.870460 -8.787809 
0.638462 -0.350964 -0.684975 
0.000000 0.000000 
0.000000 1.651440 -8.787809 
-0.040111 -0.693333 -0.719500 
0.000000 0.000000 
-0.379360 1.870460 -8.787809 
-0.635143 -0.393622 -0.664571 
0.000000 0.000000 
-0.697370 2.407550 -8.153999 
-0.763834 0.579310 -0.284531 
0.000000 0.000000 
0.000000 2.894730 -8.306999 
-0.564380 0.791295 -0.235215 
0.000000 0.000000 
0.697370 2.407550 -8.153999 
0.752646 0.586599 -0.299042 
0.000000 0.000000 
0.697370 1.771400 -8.153999 
0.763833 -0.579310 -0.284533 
0.000000 0.000000 
0.000000 1.284220 -8.306999 
0.564381 -0.791294 -0.235219 
0.000000 0.000000 
-0.697370 1.771400 -8.153999 
-0.752644 -0.586599 -0.299045 
0.000000 0.000000 
0.000000 2.894730 -7.814839 
-0.017174 0.489677 0.871734 
0.000000 0.000000 
0.000000 1.284220 -7.814839 
0.017173 -0.489667 0.871740 
0.000000 0.000000 
0.000000 2.894730 -8.306999 
0.590715 0.764929 -0.256787 
0.000000 0.000000 
0.000000 1.284220 -8.306999 
-0.590715 -0.764928 -0.256792 
0.000000 0.000000 
0.000000 2.894730 -7.814839 
0.572690 0.819772 0.000000 
0.000000 0.000000 
0.000000 1.284220 -7.814839 
0.572690 -0.819772 0.000000 
0.000000 0.000000 
0.000000 1.284220 -7.814839 
-0.572690 -0.819772 0.000000 
0.000000 0.000000 
0.000000 2.894730 -7.814839 
-0.572690 0.819772 0.000000 
0.000000 0.000000 
0.697370 2.407550 -7.876040 
0.560372 0.233314 0.794700 
0.000000 0.000000 
-0.697370 2.407550 -7.876040 
-0.536411 0.239665 0.809212 
0.000000 0.000000 
-0.697370 1.771400 -7.876040 
-0.560367 -0.233314 0.794703 
0.000000 0.000000 
0.697370 1.771400 -7.876040 
0.536406 -0.239666 0.809215 
0.000000 0.000000 
0.697370 2.407550 -7.876040 
0.572690 0.819772 0.000000 
0.000000 0.000000 
0.697370 1.771400 -7.876040 
0.572690 -0.819772 0.000000 
0.000000 0.000000 
-0.697370 1.771400 -7.876040 
-0.572690 -0.819772 0.000000 
0.000000 0.000000 
-0.697370 2.407550 -7.876040 
-0.572690 0.819772 0.000000 
0.000000 0.000000 
1824
0
1
2
0
2
3
4
5
2
4
2
1
0
3
6
0
6
7
8
9
10
8
10
11
12
13
14
15
16
12
15
12
14
15
14
17
15
17
18
18
17
19
18
19
20
19
21
20
22
18
20
22
20
23
20
21
24
20
24
23
15
18
22
15
22
25
26
16
15
26
15
25
2
27
6
2
6
3
2
5
28
2
28
27
29
6
27
29
27
30
27
28
31
27
31
30
33
34
128
33
128
129
130
35
33
130
33
129
34
36
131
34
131
128
33
35
37
33
37
38
37
5
39
37
39
38
38
40
34
38
34
33
41
36
34
41
34
40
42
43
41
42
41
40
39
42
40
39
40
38
39
5
4
39
4
44
45
43
42
45
42
132
44
132
42
44
42
39
46
12
47
46
47
48
47
9
49
47
49
48
50
51
46
50
46
48
52
53
51
52
51
50
54
55
52
54
52
50
54
50
48
54
48
49
49
9
8
49
8
56
57
55
54
57
54
58
58
54
49
58
49
56
13
12
46
13
46
133
51
53
134
51
134
135
51
135
133
51
133
46
9
59
60
9
60
10
10
60
61
10
61
35
37
62
28
37
28
5
37
35
61
37
61
62
10
35
32
10
32
11
41
43
45
41
45
136
131
36
41
131
41
136
47
12
16
47
16
63
47
63
59
47
59
9
134
53
52
134
52
64
52
55
57
52
57
64
60
59
65
60
65
66
67
61
60
67
60
66
62
61
67
62
67
68
31
28
62
31
62
68
63
16
26
63
26
69
65
59
63
65
63
69
7
6
29
7
29
70
71
72
73
71
73
74
71
76
75
71
75
72
77
74
73
77
73
78
79
80
81
79
81
82
83
84
85
85
86
87
85
87
83
88
83
87
88
87
89
90
88
89
90
89
91
91
92
90
91
89
22
91
22
23
24
92
91
24
91
23
22
89
87
22
87
25
87
86
26
87
26
25
77
93
71
77
71
74
94
76
71
94
71
93
93
77
29
93
29
30
31
94
93
31
93
30
137
96
97
137
97
138
97
98
139
97
139
138
140
99
96
140
96
137
100
98
97
100
97
101
102
76
100
102
100
101
96
103
101
96
101
97
96
99
104
96
104
103
104
105
106
104
106
103
103
106
102
103
102
101
75
76
102
75
102
107
106
105
108
106
108
141
106
141
107
106
107
102
109
85
110
109
110
111
112
80
109
112
109
111
110
113
114
110
114
111
113
115
116
113
116
114
116
117
118
116
118
114
111
114
118
111
118
112
81
80
112
81
112
119
118
117
120
118
120
121
112
118
121
112
121
119
110
85
84
110
84
142
143
115
113
143
113
144
142
144
113
142
113
110
122
123
80
122
80
79
124
122
79
124
79
98
94
125
100
94
100
76
124
98
100
124
100
125
95
98
79
95
79
82
108
105
104
108
104
145
104
99
140
104
140
145
86
85
109
86
109
126
123
126
109
123
109
80
116
115
143
116
143
127
120
117
116
120
116
127
65
123
122
65
122
66
122
124
67
122
67
66
67
124
125
67
125
68
125
94
31
125
31
68
26
86
126
26
126
69
126
123
65
126
65
69
29
77
78
29
78
70
146
286
287
146
287
147
146
148
288
146
288
286
149
150
289
149
289
290
291
292
151
292
152
151
291
151
158
291
158
293
158
159
294
158
294
293
159
160
295
159
295
294
153
155
158
153
158
151
152
154
153
152
153
151
159
158
155
159
155
161
161
160
159
161
155
156
161
156
162
163
160
161
163
161
162
164
165
146
164
146
147
165
166
148
165
148
146
165
164
167
165
167
168
169
166
165
169
165
168
170
166
169
170
169
171
172
166
170
172
170
173
174
175
172
174
172
173
176
175
174
176
174
177
178
148
179
178
179
180
181
182
178
181
178
180
183
181
180
183
180
184
179
185
184
179
184
180
186
187
182
186
182
181
183
188
186
183
186
181
184
185
296
184
296
189
190
183
184
190
184
189
191
188
183
191
183
190
182
192
268
182
268
178
288
148
178
288
178
268
182
187
269
182
269
192
289
150
193
289
193
270
194
195
271
194
271
272
194
272
270
194
270
193
193
150
196
193
196
197
196
152
198
196
198
197
199
194
193
199
193
197
200
195
194
200
194
199
201
202
200
201
200
199
201
199
197
201
197
198
198
152
292
198
292
203
204
201
198
204
198
203
205
202
201
205
201
204
297
164
147
297
147
287
296
185
149
296
149
290
269
187
186
269
186
206
186
188
191
186
191
206
207
150
149
207
149
208
175
208
149
175
149
185
166
172
179
166
179
148
179
172
175
179
175
185
200
202
205
200
205
273
271
195
200
271
200
273
154
152
196
154
196
209
196
150
207
196
207
209
208
175
176
208
176
210
211
207
208
211
208
210
209
207
211
209
211
212
157
154
209
157
209
212
163
274
295
163
295
160
167
164
297
167
297
298
173
170
171
173
171
213
177
174
173
177
173
213
299
300
214
299
214
215
301
216
214
301
214
300
302
217
218
302
218
303
219
304
305
219
220
304
224
219
305
224
305
306
307
225
224
307
224
306
308
226
225
308
225
307
224
223
222
224
222
219
222
221
220
222
220
219
223
224
225
223
225
227
225
226
227
156
223
227
156
227
162
227
226
163
227
163
162
214
228
229
214
229
215
216
230
228
216
228
214
167
229
228
167
228
168
228
230
275
228
275
168
275
230
231
275
231
276
231
230
232
231
232
233
232
234
235
232
235
233
235
234
277
235
277
278
236
216
237
236
237
238
237
239
240
237
240
238
238
240
241
238
241
242
242
243
236
242
236
238
239
244
245
239
245
240
245
246
241
245
241
240
309
243
242
309
242
247
242
241
248
242
248
247
241
246
249
241
249
248
279
250
239
279
239
237
237
216
301
237
301
279
280
244
239
280
239
250
251
217
302
251
302
281
282
252
253
282
253
283
281
283
253
281
253
251
254
217
251
254
251
255
256
220
254
256
254
255
251
253
257
251
257
255
253
252
258
253
258
257
258
259
260
258
260
257
255
257
260
255
260
256
304
220
256
304
256
261
256
260
262
256
262
261
260
259
263
260
263
262
215
229
310
215
310
299
218
243
309
218
309
303
245
244
280
245
280
264
249
246
245
249
245
264
218
217
265
218
265
266
218
266
234
218
234
243
236
232
230
236
230
216
234
232
236
234
236
243
263
259
258
263
258
284
258
252
282
258
282
284
254
220
221
254
221
267
265
217
254
265
254
267
277
234
266
277
266
210
266
265
211
266
211
210
211
265
267
211
267
212
267
221
157
267
157
212
308
274
163
308
163
226
310
229
167
310
167
298
276
231
233
276
233
285
233
235
278
233
278
285
311
312
313
311
313
314
315
316
311
315
311
314
332
333
315
332
315
314
313
334
332
313
332
314
313
312
317
313
317
318
335
334
313
335
313
318
319
316
315
319
315
320
315
333
336
315
336
320
311
316
319
311
319
321
317
312
311
317
311
321
322
323
324
322
324
325
324
326
327
324
327
325
327
337
338
327
338
325
338
339
322
338
322
325
328
323
322
328
322
329
322
339
335
322
335
329
327
326
330
327
330
331
336
337
327
336
327
320
330
326
324
330
324
321
324
323
328
324
328
321
344
345
346
344
346
347
360
361
348
360
348
349
362
363
350
362
350
351
364
365
366
364
366
367
352
353
354
352
354
355
368
369
356
368
356
357
370
371
358
370
358
359
372
373
374
372
374
375
345
376
377
345
377
346
361
340
343
361
343
348
363
378
379
363
379
350
365
380
381
365
381
366
353
382
383
353
383
354
369
342
341
369
341
356
371
384
385
371
385
358
373
386
387
373
387
374
388
389
390
388
390
391
392
393
394
392
394
395
396
397
398
399
400
401
396
400
399
396
399
397
402
403
404
402
404
405
402
405
406
402
406
407
402
407
408
402
408
403
403
409
410
403
410
404
404
417
411
404
411
405
405
411
412
405
412
406
406
412
413
406
413
407
407
418
414
407
414
408
408
414
409
408
409
403
397
423
415
397
415
398
398
415
424
398
424
396
396
424
425
396
425
400
400
425
416
400
416
401
401
416
426
401
426
399
399
426
423
399
423
397
417
419
427
417
427
411
412
428
420
412
420
413
418
421
429
418
429
414
409
430
422
409
422
410
5
1.000000 
0.662745 0.803922 0.862745 
0.000000 0.000000 0.000000 
5.000000 
0.000000 0.000000 0.000000 
0.165686 0.200980 0.215686 
none 
1.000000 
0.921569 0.021569 0.021569 
0.000000 0.000000 0.000000 
5.000000 
0.000000 0.000000 0.000000 
0.070588 0.110784 0.060784 
none 
1.000000 
0.043137 0.474510 1.000000 
0.000000 0.000000 0.000000 
5.000000 
0.000000 0.000000 0.000000 
0.000000 0.000000 0.250000 
none 
1.000000 
0.752941 0.752941 0.752941 
0.000000 0.000000 0.000000 
5.000000 
0.000000 0.000000 0.000000 
0.188235 0.188235 0.188235 
none 
1.000000 
0.270588 0.270588 0.270588 
0.000000 0.000000 0.000000 
5.000000 
0.000000 0.000000 0.000000 
0.067647 0.067647 0.067647 
none 
5
0 
696 
0 
232 
0 
146 
1 
774 
232 
258 
146 
165 
2 
120 
490 
40 
311 
29 
3 
108 
530 
36 
340 
56 
4 
126 
566 
42 
396 
35 
